#Smoothed by 10 pixels
     0.300000  8.30434e-06
     0.300500  8.41330e-06
     0.301000  8.45870e-06
     0.301500  8.45870e-06
     0.302000  8.55498e-06
     0.302500  8.65720e-06
     0.303000  8.72218e-06
     0.303500  8.78080e-06
     0.304000  8.84567e-06
     0.304500  8.91397e-06
     0.305000  8.97351e-06
     0.305500  9.03272e-06
     0.306000  9.09193e-06
     0.306500  9.15585e-06
     0.307000  9.22415e-06
     0.307500  9.28445e-06
     0.308000  9.34362e-06
     0.308500  9.41164e-06
     0.309000  9.47610e-06
     0.309500  9.53469e-06
     0.310000  9.59977e-06
     0.310500  9.69232e-06
     0.311000  9.80208e-06
     0.311500  9.91227e-06
     0.312000  1.00228e-05
     0.312500  1.01388e-05
     0.313000  1.02647e-05
     0.313500  1.03920e-05
     0.314000  1.05118e-05
     0.314500  1.06315e-05
     0.315000  1.07467e-05
     0.315500  1.08743e-05
     0.316000  1.09847e-05
     0.316500  1.10783e-05
     0.317000  1.12060e-05
     0.317500  1.13333e-05
     0.318000  1.14567e-05
     0.318500  1.15702e-05
     0.319000  1.16807e-05
     0.319500  1.18003e-05
     0.320000  1.19299e-05
     0.320500  1.20695e-05
     0.321000  1.21972e-05
     0.321500  1.23186e-05
     0.322000  1.24295e-05
     0.322500  1.24960e-05
     0.323000  1.25527e-05
     0.323500  1.26033e-05
     0.324000  1.26590e-05
     0.324500  1.27181e-05
     0.325000  1.27696e-05
     0.325500  1.28120e-05
     0.326000  1.28542e-05
     0.326500  1.28961e-05
     0.327000  1.29437e-05
     0.327500  1.30017e-05
     0.328000  1.30697e-05
     0.328500  1.31480e-05
     0.329000  1.32365e-05
     0.329500  1.33299e-05
     0.330000  1.34229e-05
     0.330500  1.35235e-05
     0.331000  1.36333e-05
     0.331500  1.37431e-05
     0.332000  1.38533e-05
     0.332500  1.39638e-05
     0.333000  1.40743e-05
     0.333500  1.41848e-05
     0.334000  1.42949e-05
     0.334500  1.44046e-05
     0.335000  1.45145e-05
     0.335500  1.46248e-05
     0.336000  1.47353e-05
     0.336500  1.48458e-05
     0.337000  1.49562e-05
     0.337500  1.50662e-05
     0.338000  1.51759e-05
     0.338500  1.53201e-05
     0.339000  1.54643e-05
     0.339500  1.56260e-05
     0.340000  1.57878e-05
     0.340500  1.59494e-05
     0.341000  1.61106e-05
     0.341500  1.62716e-05
     0.342000  1.64329e-05
     0.342500  1.65947e-05
     0.343000  1.67565e-05
     0.343500  1.69156e-05
     0.344000  1.70303e-05
     0.344500  1.71408e-05
     0.345000  1.72337e-05
     0.345500  1.73180e-05
     0.346000  1.74285e-05
     0.346500  1.75390e-05
     0.347000  1.76495e-05
     0.347500  1.77597e-05
     0.348000  1.78694e-05
     0.348500  1.79792e-05
     0.349000  1.80921e-05
     0.349500  1.82152e-05
     0.350000  1.83425e-05
     0.350500  1.84635e-05
     0.351000  1.85832e-05
     0.351500  1.86837e-05
     0.352000  1.87744e-05
     0.352500  1.88558e-05
     0.353000  1.89371e-05
     0.353500  1.90204e-05
     0.354000  1.91041e-05
     0.354500  1.91878e-05
     0.355000  1.92727e-05
     0.355500  1.94152e-05
     0.356000  1.95660e-05
     0.356500  1.97436e-05
     0.357000  1.99137e-05
     0.357500  2.00948e-05
     0.358000  2.03027e-05
     0.358500  2.05110e-05
     0.359000  2.07345e-05
     0.359500  2.09582e-05
     0.360000  2.11842e-05
     0.360500  2.14313e-05
     0.361000  2.16225e-05
     0.361500  2.18287e-05
     0.362000  2.20179e-05
     0.362500  2.22256e-05
     0.363000  2.24500e-05
     0.363500  2.26568e-05
     0.364000  2.28986e-05
     0.364500  2.31231e-05
     0.365000  2.33643e-05
     0.365500  2.36031e-05
     0.366000  2.38428e-05
     0.366500  2.41369e-05
     0.367000  2.44139e-05
     0.367500  2.47088e-05
     0.368000  2.49860e-05
     0.368500  2.52628e-05
     0.369000  2.56092e-05
     0.369500  2.59213e-05
     0.370000  2.62852e-05
     0.370500  2.66343e-05
     0.371000  2.70263e-05
     0.371500  2.73988e-05
     0.372000  2.77678e-05
     0.372500  2.81716e-05
     0.373000  2.85576e-05
     0.373500  2.89916e-05
     0.374000  2.93986e-05
     0.374500  2.97687e-05
     0.375000  3.01909e-05
     0.375500  3.05608e-05
     0.376000  3.09643e-05
     0.376500  3.13248e-05
     0.377000  3.17339e-05
     0.377500  3.20909e-05
     0.378000  3.24482e-05
     0.378500  3.28586e-05
     0.379000  3.32206e-05
     0.379500  3.36234e-05
     0.380000  3.39833e-05
     0.380500  3.43397e-05
     0.381000  3.47320e-05
     0.381500  3.50972e-05
     0.382000  3.55215e-05
     0.382500  3.58937e-05
     0.383000  3.63711e-05
     0.383500  3.68139e-05
     0.384000  3.72386e-05
     0.384500  3.76992e-05
     0.385000  3.81289e-05
     0.385500  3.85862e-05
     0.386000  3.89950e-05
     0.386500  3.94215e-05
     0.387000  3.98563e-05
     0.387500  4.02321e-05
     0.388000  4.07470e-05
     0.388500  4.10832e-05
     0.389000  4.14594e-05
     0.389500  4.17377e-05
     0.390000  4.20689e-05
     0.390500  4.23917e-05
     0.391000  4.26975e-05
     0.391500  4.30385e-05
     0.392000  4.33266e-05
     0.392500  4.36335e-05
     0.393000  4.39886e-05
     0.393500  4.42100e-05
     0.394000  4.45231e-05
     0.394500  4.47963e-05
     0.395000  4.51851e-05
     0.395500  4.54859e-05
     0.396000  4.58131e-05
     0.396500  4.61932e-05
     0.397000  4.65375e-05
     0.397500  4.69346e-05
     0.398000  4.72959e-05
     0.398500  4.76622e-05
     0.399000  4.80579e-05
     0.399500  4.84359e-05
     0.400000  4.88671e-05
     0.400500  4.92450e-05
     0.401000  4.96585e-05
     0.401500  5.00542e-05
     0.402000  5.04144e-05
     0.402500  5.07803e-05
     0.403000  5.11068e-05
     0.403500  5.14703e-05
     0.404000  5.17837e-05
     0.404500  5.20921e-05
     0.405000  5.24247e-05
     0.405500  5.27048e-05
     0.406000  5.29853e-05
     0.406500  5.35201e-05
     0.407000  5.43666e-05
     0.407500  5.54903e-05
     0.408000  5.69256e-05
     0.408500  5.86457e-05
     0.409000  6.06209e-05
     0.409500  6.29002e-05
     0.410000  6.54447e-05
     0.410500  6.82935e-05
     0.411000  7.14468e-05
     0.411500  7.49066e-05
     0.412000  7.84139e-05
     0.412500  8.19183e-05
     0.413000  8.54705e-05
     0.413500  8.90191e-05
     0.414000  9.25839e-05
     0.414500  9.62054e-05
     0.415000  9.98398e-05
     0.415500  0.000103535
     0.416000  0.000107222
     0.416500  0.000110927
     0.417000  0.000114648
     0.417500  0.000118357
     0.418000  0.000122126
     0.418500  0.000125880
     0.419000  0.000129650
     0.419500  0.000133483
     0.420000  0.000137299
     0.420500  0.000141177
     0.421000  0.000145036
     0.421500  0.000148911
     0.422000  0.000152805
     0.422500  0.000156715
     0.423000  0.000160693
     0.423500  0.000164646
     0.424000  0.000168616
     0.424500  0.000172604
     0.425000  0.000176617
     0.425500  0.000180646
     0.426000  0.000182451
     0.426500  0.000177392
     0.427000  0.000165440
     0.427500  0.000149766
     0.428000  0.000133741
     0.428500  0.000117312
     0.429000  0.000100530
     0.429500  8.33927e-05
     0.430000  6.58980e-05
     0.430500  4.79902e-05
     0.431000  2.97240e-05
     0.431500  1.32894e-05
     0.432000  3.37279e-06
     0.432500      0.00000
     0.433000      0.00000
     0.433500      0.00000
     0.434000      0.00000
     0.434500      0.00000
     0.435000      0.00000
     0.435500      0.00000
     0.436000      0.00000
     0.436500      0.00000
     0.437000      0.00000
     0.437500      0.00000
     0.438000      0.00000
     0.438500      0.00000
     0.439000      0.00000
     0.439500      0.00000
     0.440000      0.00000
     0.440500      0.00000
     0.441000      0.00000
     0.441500      0.00000
     0.442000      0.00000
     0.442500      0.00000
     0.443000      0.00000
     0.443500      0.00000
     0.444000      0.00000
     0.444500      0.00000
     0.445000      0.00000
     0.445500      0.00000
     0.446000      0.00000
     0.446500      0.00000
     0.447000      0.00000
     0.447500      0.00000
     0.448000      0.00000
     0.448500      0.00000
     0.449000      0.00000
     0.449500      0.00000
     0.450000      0.00000
     0.450500      0.00000
     0.451000      0.00000
     0.451500      0.00000
     0.452000      0.00000
     0.452500      0.00000
     0.453000      0.00000
     0.453500      0.00000
     0.454000      0.00000
     0.454500      0.00000
     0.455000      0.00000
     0.455500      0.00000
     0.456000      0.00000
     0.456500      0.00000
     0.457000      0.00000
     0.457500      0.00000
     0.458000      0.00000
     0.458500      0.00000
     0.459000      0.00000
     0.459500      0.00000
     0.460000      0.00000
     0.460500      0.00000
     0.461000      0.00000
     0.461500      0.00000
     0.462000      0.00000
     0.462500      0.00000
     0.463000      0.00000
     0.463500      0.00000
     0.464000      0.00000
     0.464500      0.00000
     0.465000      0.00000
     0.465500      0.00000
     0.466000      0.00000
     0.466500      0.00000
     0.467000      0.00000
     0.467500      0.00000
     0.468000      0.00000
     0.468500      0.00000
     0.469000      0.00000
     0.469500      0.00000
     0.470000      0.00000
     0.470500      0.00000
     0.471000      0.00000
     0.471500      0.00000
     0.472000      0.00000
     0.472500      0.00000
     0.473000      0.00000
     0.473500      0.00000
     0.474000      0.00000
     0.474500      0.00000
     0.475000      0.00000
     0.475500      0.00000
     0.476000      0.00000
     0.476500      0.00000
     0.477000      0.00000
     0.477500      0.00000
     0.478000      0.00000
     0.478500      0.00000
     0.479000      0.00000
     0.479500      0.00000
     0.480000      0.00000
     0.480500      0.00000
     0.481000      0.00000
     0.481500      0.00000
     0.482000      0.00000
     0.482500      0.00000
     0.483000      0.00000
     0.483500      0.00000
     0.484000      0.00000
     0.484500      0.00000
     0.485000      0.00000
     0.485500      0.00000
     0.486000      0.00000
     0.486500      0.00000
     0.487000      0.00000
     0.487500      0.00000
     0.488000      0.00000
     0.488500      0.00000
     0.489000      0.00000
     0.489500      0.00000
     0.490000      0.00000
     0.490500      0.00000
     0.491000      0.00000
     0.491500      0.00000
     0.492000      0.00000
     0.492500      0.00000
     0.493000      0.00000
     0.493500      0.00000
     0.494000      0.00000
     0.494500      0.00000
     0.495000      0.00000
     0.495500      0.00000
     0.496000      0.00000
     0.496500      0.00000
     0.497000      0.00000
     0.497500      0.00000
     0.498000      0.00000
     0.498500      0.00000
     0.499000      0.00000
     0.499500      0.00000
     0.500000      0.00000
     0.500500      0.00000
     0.501000      0.00000
     0.501500      0.00000
     0.502000      0.00000
     0.502500      0.00000
     0.503000      0.00000
     0.503500      0.00000
     0.504000      0.00000
     0.504500      0.00000
     0.505000      0.00000
     0.505500      0.00000
     0.506000      0.00000
     0.506500      0.00000
     0.507000      0.00000
     0.507500      0.00000
     0.508000      0.00000
     0.508500      0.00000
     0.509000      0.00000
     0.509500      0.00000
     0.510000      0.00000
     0.510500      0.00000
     0.511000      0.00000
     0.511500      0.00000
     0.512000      0.00000
     0.512500      0.00000
     0.513000      0.00000
     0.513500      0.00000
     0.514000      0.00000
     0.514500      0.00000
     0.515000      0.00000
     0.515500  2.89070e-05
     0.516000  9.50012e-05
     0.516500  0.000198282
     0.517000  0.000304185
     0.517500  0.000410677
     0.518000  0.000517620
     0.518500  0.000624936
     0.519000  0.000732408
     0.519500  0.000840294
     0.520000  0.000948777
     0.520500   0.00105773
     0.521000   0.00113821
     0.521500   0.00118194
     0.522000   0.00118900
     0.522500   0.00119404
     0.523000   0.00119897
     0.523500   0.00120389
     0.524000   0.00120887
     0.524500   0.00121420
     0.525000   0.00121972
     0.525500   0.00122513
     0.526000   0.00123053
     0.526500   0.00123593
     0.527000   0.00124134
     0.527500   0.00124668
     0.528000   0.00125195
     0.528500   0.00125734
     0.529000   0.00126276
     0.529500   0.00126818
     0.530000   0.00127354
     0.530500   0.00127876
     0.531000   0.00128392
     0.531500   0.00128921
     0.532000   0.00129466
     0.532500   0.00130011
     0.533000   0.00130557
     0.533500   0.00131093
     0.534000   0.00131615
     0.534500   0.00132135
     0.535000   0.00132654
     0.535500   0.00133174
     0.536000   0.00133694
     0.536500   0.00134223
     0.537000   0.00134757
     0.537500   0.00135277
     0.538000   0.00133856
     0.538500   0.00127955
     0.539000   0.00117575
     0.539500   0.00105372
     0.540000  0.000931253
     0.540500  0.000808330
     0.541000  0.000684965
     0.541500  0.000561150
     0.542000  0.000436795
     0.542500  0.000311826
     0.543000  0.000186380
     0.543500  7.99010e-05
     0.544000  1.77743e-05
     0.544500 -3.59524e-12
     0.545000 -3.59524e-12
     0.545500 -3.59524e-12
     0.546000 -3.59524e-12
     0.546500 -3.59524e-12
     0.547000 -3.59524e-12
     0.547500 -3.59524e-12
     0.548000 -3.59524e-12
     0.548500 -3.59524e-12
     0.549000 -3.59524e-12
     0.549500 -3.59524e-12
     0.550000 -3.59524e-12
     0.550500 -3.59524e-12
     0.551000 -3.59524e-12
     0.551500 -3.59524e-12
     0.552000 -3.59524e-12
     0.552500 -3.59524e-12
     0.553000 -3.59524e-12
     0.553500 -3.59524e-12
     0.554000 -3.59524e-12
     0.554500 -3.59524e-12
     0.555000 -3.59524e-12
     0.555500 -3.59524e-12
     0.556000 -3.59524e-12
     0.556500 -3.59524e-12
     0.557000 -3.59524e-12
     0.557500 -3.59524e-12
     0.558000 -3.59524e-12
     0.558500 -3.59524e-12
     0.559000 -3.59524e-12
     0.559500  4.75644e-05
     0.560000  0.000146662
     0.560500  0.000302597
     0.561000  0.000569662
     0.561500  0.000947860
     0.562000   0.00143719
     0.562500   0.00203766
     0.563000   0.00274926
     0.563500   0.00352538
     0.564000   0.00430193
     0.564500   0.00507894
     0.565000   0.00580884
     0.565500   0.00648765
     0.566000   0.00711007
     0.566500   0.00770521
     0.567000   0.00830046
     0.567500   0.00889575
     0.568000   0.00980679
     0.568500    0.0107155
     0.569000    0.0116593
     0.569500    0.0126027
     0.570000    0.0135456
     0.570500    0.0148341
     0.571000    0.0162342
     0.571500    0.0177460
     0.572000    0.0195946
     0.572500    0.0214441
     0.573000    0.0232945
     0.573500    0.0251387
     0.574000    0.0269858
     0.574500    0.0288350
     0.575000    0.0323523
     0.575500    0.0359810
     0.576000    0.0393754
     0.576500    0.0433893
     0.577000    0.0473995
     0.577500    0.0514141
     0.578000    0.0554258
     0.578500    0.0594277
     0.579000    0.0631151
     0.579500    0.0667988
     0.580000    0.0704887
     0.580500    0.0744939
     0.581000    0.0784954
     0.581500    0.0824933
     0.582000    0.0871203
     0.582500    0.0917473
     0.583000    0.0960557
     0.583500     0.100955
     0.584000     0.105845
     0.584500     0.110740
     0.585000     0.127418
     0.585500     0.144100
     0.586000     0.165423
     0.586500     0.186746
     0.587000     0.208068
     0.587500     0.261215
     0.588000     0.303753
     0.588500     0.335628
     0.589000     0.393080
     0.589500     0.450547
     0.590000     0.508006
     0.590500     0.567201
     0.591000     0.621921
     0.591500     0.665651
     0.592000     0.723067
     0.592500     0.780490
     0.593000     0.804840
     0.593500     0.840721
     0.594000     0.887274
     0.594500     0.908272
     0.595000     0.929278
     0.595500     0.950288
     0.596000     0.958086
     0.596500     0.970359
     0.597000     0.987006
     0.597500     0.989876
     0.598000     0.992557
     0.598500     0.995043
     0.599000     0.996818
     0.599500     0.998467
     0.600000     0.999196
     0.600500     0.999696
     0.601000      1.00000
     0.601500     0.999804
     0.602000     0.999221
     0.602500     0.998337
     0.603000     0.997083
     0.603500     0.995626
     0.604000     0.994101
     0.604500     0.992104
     0.605000     0.990224
     0.605500     0.988636
     0.606000     0.986973
     0.606500     0.985198
     0.607000     0.983389
     0.607500     0.981748
     0.608000     0.980299
     0.608500     0.979096
     0.609000     0.977867
     0.609500     0.976461
     0.610000     0.975157
     0.610500     0.973541
     0.611000     0.971497
     0.611500     0.969446
     0.612000     0.967167
     0.612500     0.964652
     0.613000     0.962539
     0.613500     0.960793
     0.614000     0.959053
     0.614500     0.957510
     0.615000     0.956488
     0.615500     0.955709
     0.616000     0.954694
     0.616500     0.953524
     0.617000     0.952393
     0.617500     0.951603
     0.618000     0.951266
     0.618500     0.950581
     0.619000     0.949628
     0.619500     0.948973
     0.620000     0.947911
     0.620500     0.946186
     0.621000     0.944160
     0.621500     0.942486
     0.622000     0.941088
     0.622500     0.939671
     0.623000     0.938537
     0.623500     0.937468
     0.624000     0.936261
     0.624500     0.934866
     0.625000     0.933282
     0.625500     0.932192
     0.626000     0.931757
     0.626500     0.931626
     0.627000     0.931786
     0.627500     0.932351
     0.628000     0.933011
     0.628500     0.933304
     0.629000     0.932761
     0.629500     0.931779
     0.630000     0.931079
     0.630500     0.930474
     0.631000     0.929586
     0.631500     0.928220
     0.632000     0.927024
     0.632500     0.926021
     0.633000     0.924861
     0.633500     0.923770
     0.634000     0.922665
     0.634500     0.922038
     0.635000     0.922143
     0.635500     0.922241
     0.636000     0.922158
     0.636500     0.922082
     0.637000     0.922767
     0.637500     0.923760
     0.638000     0.924213
     0.638500     0.924437
     0.639000     0.924470
     0.639500     0.924502
     0.640000     0.924897
     0.640500     0.925383
     0.641000     0.925684
     0.641500     0.925992
     0.642000     0.926680
     0.642500     0.926974
     0.643000     0.926499
     0.643500     0.926086
     0.644000     0.925955
     0.644500     0.926115
     0.645000     0.926202
     0.645500     0.925829
     0.646000     0.925637
     0.646500     0.925890
     0.647000     0.925890
     0.647500     0.925397
     0.648000     0.924999
     0.648500     0.924727
     0.649000     0.924934
     0.649500     0.925426
     0.650000     0.926108
     0.650500     0.927343
     0.651000     0.928775
     0.651500     0.929746
     0.652000     0.929992
     0.652500     0.930191
     0.653000     0.930844
     0.653500     0.931308
     0.654000     0.931782
     0.654500     0.932145
     0.655000     0.932413
     0.655500     0.932656
     0.656000     0.932608
     0.656500     0.932536
     0.657000     0.932366
     0.657500     0.932474
     0.658000     0.933061
     0.658500     0.933688
     0.659000     0.934522
     0.659500     0.935504
     0.660000     0.935953
     0.660500     0.935830
     0.661000     0.936040
     0.661500     0.936917
     0.662000     0.937558
     0.662500     0.937797
     0.663000     0.938453
     0.663500     0.939471
     0.664000     0.940109
     0.664500     0.940290
     0.665000     0.940185
     0.665500     0.940294
     0.666000     0.941160
     0.666500     0.941917
     0.667000     0.941910
     0.667500     0.942066
     0.668000     0.942809
     0.668500     0.943305
     0.669000     0.943349
     0.669500     0.943678
     0.670000     0.943827
     0.670500     0.943602
     0.671000     0.943907
     0.671500     0.944309
     0.672000     0.944207
     0.672500     0.944102
     0.673000     0.944660
     0.673500     0.945617
     0.674000     0.946581
     0.674500     0.947693
     0.675000     0.948617
     0.675500     0.949791
     0.676000     0.951154
     0.676500     0.951621
     0.677000     0.951556
     0.677500     0.951730
     0.678000     0.951875
     0.678500     0.951527
     0.679000     0.950792
     0.679500     0.949951
     0.680000     0.949241
     0.680500     0.949002
     0.681000     0.949056
     0.681500     0.949487
     0.682000     0.950331
     0.682500     0.951114
     0.683000     0.951469
     0.683500     0.951803
     0.684000     0.952067
     0.684500     0.952241
     0.685000     0.952495
     0.685500     0.952567
     0.686000     0.952864
     0.686500     0.953625
     0.687000     0.954180
     0.687500     0.954491
     0.688000     0.954234
     0.688500     0.953640
     0.689000     0.953190
     0.689500     0.952875
     0.690000     0.953027
     0.690500     0.953440
     0.691000     0.953763
     0.691500     0.953556
     0.692000     0.952603
     0.692500     0.951567
     0.693000     0.950284
     0.693500     0.949194
     0.694000     0.949302
     0.694500     0.950031
     0.695000     0.950723
     0.695500     0.951031
     0.696000     0.950817
     0.696500     0.950422
     0.697000     0.949875
     0.697500     0.949331
     0.698000     0.949277
     0.698500     0.949944
     0.699000     0.950839
     0.699500     0.950897
     0.700000     0.950241
     0.700500     0.949491
     0.701000     0.948838
     0.701500     0.948465
     0.702000     0.948248
     0.702500     0.948074
     0.703000     0.947740
     0.703500     0.946845
     0.704000     0.945610
     0.704500     0.944468
     0.705000     0.943765
     0.705500     0.943269
     0.706000     0.942559
     0.706500     0.941479
     0.707000     0.940562
     0.707500     0.939823
     0.708000     0.939051
     0.708500     0.938522
     0.709000     0.938178
     0.709500     0.937841
     0.710000     0.937594
     0.710500     0.937065
     0.711000     0.936203
     0.711500     0.935500
     0.712000     0.934804
     0.712500     0.933579
     0.713000     0.932184
     0.713500     0.930952
     0.714000     0.929709
     0.714500     0.928311
     0.715000     0.926956
     0.715500     0.925575
     0.716000     0.924136
     0.716500     0.922825
     0.717000     0.921571
     0.717500     0.920495
     0.718000     0.919694
     0.718500     0.918904
     0.719000     0.918085
     0.719500     0.917248
     0.720000     0.916509
     0.720500     0.915726
     0.721000     0.915063
     0.721500     0.914556
     0.722000     0.913845
     0.722500     0.913124
     0.723000     0.912374
     0.723500     0.911486
     0.724000     0.911280
     0.724500     0.911794
     0.725000     0.911070
     0.725500     0.909178
     0.726000     0.907758
     0.726500     0.906573
     0.727000     0.905667
     0.727500     0.905381
     0.728000     0.904649
     0.728500     0.903507
     0.729000     0.902239
     0.729500     0.899967
     0.730000     0.897354
     0.730500     0.896499
     0.731000     0.896666
     0.731500     0.895981
     0.732000     0.894930
     0.732500     0.893611
     0.733000     0.892064
     0.733500     0.891067
     0.734000     0.890249
     0.734500     0.889422
     0.735000     0.889422
     0.735500     0.889701
     0.736000     0.889665
     0.736500     0.889922
     0.737000     0.890575
     0.737500     0.891180
     0.738000     0.891604
     0.738500     0.891847
     0.739000     0.891742
     0.739500     0.891397
     0.740000     0.890894
     0.740500     0.889759
     0.741000     0.888169
     0.741500     0.886676
     0.742000     0.885277
     0.742500     0.884045
     0.743000     0.883099
     0.743500     0.882356
     0.744000     0.880805
     0.744500     0.878769
     0.745000     0.877678
     0.745500     0.877345
     0.746000     0.876950
     0.746500     0.876298
     0.747000     0.875943
     0.747500     0.875841
     0.748000     0.875424
     0.748500     0.874663
     0.749000     0.873533
     0.749500     0.873037
     0.750000     0.873417
     0.750500     0.873486
     0.751000     0.872968
     0.751500     0.872410
     0.752000     0.871765
     0.752500     0.870464
     0.753000     0.868732
     0.753500     0.867141
     0.754000     0.866507
     0.754500     0.866894
     0.755000     0.867536
     0.755500     0.868083
     0.756000     0.868007
     0.756500     0.867753
     0.757000     0.867721
     0.757500     0.867804
     0.758000     0.867677
     0.758500     0.867250
     0.759000     0.867210
     0.759500     0.866695
     0.760000     0.865489
     0.760500     0.864383
     0.761000     0.862905
     0.761500     0.861561
     0.762000     0.860836
     0.762500     0.860010
     0.763000     0.859575
     0.763500     0.860071
     0.764000     0.860604
     0.764500     0.860560
     0.765000     0.860626
     0.765500     0.860952
     0.766000     0.860879
     0.766500     0.860908
     0.767000     0.861151
     0.767500     0.861068
     0.768000     0.861245
     0.768500     0.861260
     0.769000     0.860829
     0.769500     0.860713
     0.770000     0.860611
     0.770500     0.859926
     0.771000     0.859162
     0.771500     0.858962
     0.772000     0.859231
     0.772500     0.859854
     0.773000     0.860459
     0.773500     0.860745
     0.774000     0.860473
     0.774500     0.859810
     0.775000     0.858760
     0.775500     0.857527
     0.776000     0.856748
     0.776500     0.855969
     0.777000     0.855948
     0.777500     0.856698
     0.778000     0.857093
     0.778500     0.857437
     0.779000     0.857230
     0.779500     0.856556
     0.780000     0.856314
     0.780500     0.856828
     0.781000     0.857962
     0.781500     0.858966
     0.782000     0.859905
     0.782500     0.859934
     0.783000     0.858669
     0.783500     0.857317
     0.784000     0.856118
     0.784500     0.855498
     0.785000     0.856071
     0.785500     0.856995
     0.786000     0.858024
     0.786500     0.859303
     0.787000     0.860455
     0.787500     0.861365
     0.788000     0.862133
     0.788500     0.863206
     0.789000     0.863988
     0.789500     0.864213
     0.790000     0.865590
     0.790500     0.867953
     0.791000     0.869746
     0.791500     0.870931
     0.792000     0.870634
     0.792500     0.869214
     0.793000     0.868032
     0.793500     0.867134
     0.794000     0.866376
     0.794500     0.866289
     0.795000     0.866644
     0.795500     0.865807
     0.796000     0.864137
     0.796500     0.862963
     0.797000     0.861151
     0.797500     0.859774
     0.798000     0.859698
     0.798500     0.859651
     0.799000     0.860524
     0.799500     0.862568
     0.800000     0.863901
     0.800500     0.864637
     0.801000     0.865666
     0.801500     0.866391
     0.802000     0.866963
     0.802500     0.868532
     0.803000     0.870489
     0.803500     0.871870
     0.804000     0.873247
     0.804500     0.873812
     0.805000     0.872964
     0.805500     0.872627
     0.806000     0.873471
     0.806500     0.874384
     0.807000     0.874888
     0.807500     0.874830
     0.808000     0.874663
     0.808500     0.874971
     0.809000     0.875689
     0.809500     0.876171
     0.810000     0.876591
     0.810500     0.877457
     0.811000     0.878280
     0.811500     0.878523
     0.812000     0.878084
     0.812500     0.877320
     0.813000     0.877758
     0.813500     0.879037
     0.814000     0.880450
     0.814500     0.882110
     0.815000     0.883610
     0.815500     0.884483
     0.816000     0.884407
     0.816500     0.883831
     0.817000     0.884201
     0.817500     0.885657
     0.818000     0.887165
     0.818500     0.887277
     0.819000     0.886230
     0.819500     0.884813
     0.820000     0.883309
     0.820500     0.882302
     0.821000     0.881700
     0.821500     0.881932
     0.822000     0.883135
     0.822500     0.883831
     0.823000     0.883719
     0.823500     0.883962
     0.824000     0.885070
     0.824500     0.886697
     0.825000     0.888020
     0.825500     0.888850
     0.826000     0.889397
     0.826500     0.889843
     0.827000     0.890162
     0.827500     0.890172
     0.828000     0.889618
     0.828500     0.889064
     0.829000     0.888567
     0.829500     0.887509
     0.830000     0.886585
     0.830500     0.886197
     0.831000     0.885567
     0.831500     0.884407
     0.832000     0.883646
     0.832500     0.883346
     0.833000     0.883396
     0.833500     0.883983
     0.834000     0.884415
     0.834500     0.884614
     0.835000     0.885067
     0.835500     0.885118
     0.836000     0.885404
     0.836500     0.886701
     0.837000     0.887951
     0.837500     0.888201
     0.838000     0.887785
     0.838500     0.886879
     0.839000     0.885226
     0.839500     0.883574
     0.840000     0.882842
     0.840500     0.882646
     0.841000     0.883125
     0.841500     0.883733
     0.842000     0.882527
     0.842500     0.880403
     0.843000     0.879073
     0.843500     0.878276
     0.844000     0.878979
     0.844500     0.881389
     0.845000     0.883288
     0.845500     0.883726
     0.846000     0.882914
     0.846500     0.881023
     0.847000     0.878472
     0.847500     0.877301
     0.848000     0.877160
     0.848500     0.876301
     0.849000     0.876225
     0.849500     0.876048
     0.850000     0.874450
     0.850500     0.873442
     0.851000     0.873076
     0.851500     0.873308
     0.852000     0.874011
     0.852500     0.874685
     0.853000     0.875008
     0.853500     0.875337
     0.854000     0.875932
     0.854500     0.875120
     0.855000     0.873091
     0.855500     0.871207
     0.856000     0.869953
     0.856500     0.869358
     0.857000     0.868032
     0.857500     0.866003
     0.858000     0.864343
     0.858500     0.863144
     0.859000     0.862430
     0.859500     0.861984
     0.860000     0.861234
     0.860500     0.859894
     0.861000     0.858480
     0.861500     0.856567
     0.862000     0.854038
     0.862500     0.852244
     0.863000     0.851878
     0.863500     0.852146
     0.864000     0.851396
     0.864500     0.849784
     0.865000     0.848066
     0.865500     0.846979
     0.866000     0.846175
     0.866500     0.845156
     0.867000     0.844544
     0.867500     0.844794
     0.868000     0.844359
     0.868500     0.842689
     0.869000     0.840011
     0.869500     0.838185
     0.870000     0.837101
     0.870500     0.836246
     0.871000     0.834837
     0.871500     0.833220
     0.872000     0.831858
     0.872500     0.830119
     0.873000     0.827723
     0.873500     0.826104
     0.874000     0.824973
     0.874500     0.823998
     0.875000     0.822549
     0.875500     0.820878
     0.876000     0.819168
     0.876500     0.817798
     0.877000     0.816342
     0.877500     0.814309
     0.878000     0.812888
     0.878500     0.811725
     0.879000     0.810203
     0.879500     0.808468
     0.880000     0.806822
     0.880500     0.805746
     0.881000     0.805000
     0.881500     0.803819
     0.882000     0.802728
     0.882500     0.802347
     0.883000     0.801945
     0.883500     0.800579
     0.884000     0.799217
     0.884500     0.798314
     0.885000     0.797057
     0.885500     0.795068
     0.886000     0.792560
     0.886500     0.789886
     0.887000     0.787462
     0.887500     0.784921
     0.888000     0.782044
     0.888500     0.779693
     0.889000     0.777950
     0.889500     0.776406
     0.890000     0.774942
     0.890500     0.774210
     0.891000     0.773920
     0.891500     0.773902
     0.892000     0.773127
     0.892500     0.771536
     0.893000     0.770112
     0.893500     0.768927
     0.894000     0.768188
     0.894500     0.767227
     0.895000     0.765430
     0.895500     0.763089
     0.896000     0.760426
     0.896500     0.757911
     0.897000     0.755672
     0.897500     0.754505
     0.898000     0.753777
     0.898500     0.752617
     0.899000     0.751019
     0.899500     0.748754
     0.900000     0.746997
     0.900500     0.745580
     0.901000     0.743776
     0.901500     0.741355
     0.902000     0.739170
     0.902500     0.736992
     0.903000     0.734419
     0.903500     0.732416
     0.904000     0.730905
     0.904500     0.729879
     0.905000     0.728803
     0.905500     0.726861
     0.906000     0.725089
     0.906500     0.724208
     0.907000     0.723773
     0.907500     0.722755
     0.908000     0.721335
     0.908500     0.719929
     0.909000     0.717997
     0.909500     0.715417
     0.910000     0.712247
     0.910500     0.709116
     0.911000     0.706735
     0.911500     0.704387
     0.912000     0.701898
     0.912500     0.699589
     0.913000     0.697227
     0.913500     0.694969
     0.914000     0.692773
     0.914500     0.691078
     0.915000     0.689628
     0.915500     0.687958
     0.916000     0.686385
     0.916500     0.684160
     0.917000     0.681808
     0.917500     0.679294
     0.918000     0.677033
     0.918500     0.675326
     0.919000     0.673249
     0.919500     0.670909
     0.920000     0.668568
     0.920500     0.666604
     0.921000     0.665785
     0.921500     0.665423
     0.922000     0.664625
     0.922500     0.663169
     0.923000     0.661437
     0.923500     0.659128
     0.924000     0.656186
     0.924500     0.653555
     0.925000     0.651236
     0.925500     0.648975
     0.926000     0.646946
     0.926500     0.644739
     0.927000     0.641978
     0.927500     0.639456
     0.928000     0.636894
     0.928500     0.634557
     0.929000     0.632589
     0.929500     0.631455
     0.930000     0.630303
     0.930500     0.628940
     0.931000     0.627505
     0.931500     0.625588
     0.932000     0.622860
     0.932500     0.620102
     0.933000     0.617700
     0.933500     0.616022
     0.934000     0.614305
     0.934500     0.612935
     0.935000     0.610884
     0.935500     0.608721
     0.936000     0.606637
     0.936500     0.604311
     0.937000     0.602205
     0.937500     0.599930
     0.938000     0.598020
     0.938500     0.596440
     0.939000     0.594306
     0.939500     0.592313
     0.940000     0.589889
     0.940500     0.588004
     0.941000     0.585348
     0.941500     0.581808
     0.942000     0.579098
     0.942500     0.576612
     0.943000     0.574880
     0.943500     0.573151
     0.944000     0.570782
     0.944500     0.568633
     0.945000     0.565922
     0.945500     0.562831
     0.946000     0.559280
     0.946500     0.557240
     0.947000     0.556142
     0.947500     0.554646
     0.948000     0.553037
     0.948500     0.550823
     0.949000     0.548080
     0.949500     0.545003
     0.950000     0.542445
     0.950500     0.540803
     0.951000     0.539119
     0.951500     0.537470
     0.952000     0.535075
     0.952500     0.532734
     0.953000     0.529440
     0.953500     0.525309
     0.954000     0.521827
     0.954500     0.518707
     0.955000     0.516264
     0.955500     0.513391
     0.956000     0.509927
     0.956500     0.507071
     0.957000     0.503926
     0.957500     0.500745
     0.958000     0.497799
     0.958500     0.495998
     0.959000     0.494559
     0.959500     0.492577
     0.960000     0.490972
     0.960500     0.489240
     0.961000     0.487696
     0.961500     0.486033
     0.962000     0.484598
     0.962500     0.483728
     0.963000     0.482594
     0.963500     0.481018
     0.964000     0.478615
     0.964500     0.476155
     0.965000     0.473984
     0.965500     0.471665
     0.966000     0.469328
     0.966500     0.467092
     0.967000     0.464719
     0.967500     0.461795
     0.968000     0.458001
     0.968500     0.454421
     0.969000     0.451359
     0.969500     0.449098
     0.970000     0.447173
     0.970500     0.445220
     0.971000     0.442825
     0.971500     0.440289
     0.972000     0.437100
     0.972500     0.434734
     0.973000     0.431900
     0.973500     0.429280
     0.974000     0.426791
     0.974500     0.424015
     0.975000     0.420946
     0.975500     0.418163
     0.976000     0.415257
     0.976500     0.412586
     0.977000     0.410039
     0.977500     0.408550
     0.978000     0.406064
     0.978500     0.403647
     0.979000     0.401686
     0.979500     0.400360
     0.980000     0.398248
     0.980500     0.395120
     0.981000     0.391743
     0.981500     0.388381
     0.982000     0.384855
     0.982500     0.381025
     0.983000     0.376952
     0.983500     0.373651
     0.984000     0.371259
     0.984500     0.369422
     0.985000     0.366443
     0.985500     0.363660
     0.986000     0.361410
     0.986500     0.358683
     0.987000     0.356441
     0.987500     0.354521
     0.988000     0.353238
     0.988500     0.351691
     0.989000     0.349811
     0.989500     0.347313
     0.990000     0.344008
     0.990500     0.341454
     0.991000     0.339181
     0.991500     0.336956
     0.992000     0.335141
     0.992500     0.332646
     0.993000     0.330509
     0.993500     0.328389
     0.994000     0.326300
     0.994500     0.324821
     0.995000     0.322733
     0.995500     0.320194
     0.996000     0.317692
     0.996500     0.315854
     0.997000     0.314759
     0.997500     0.313546
     0.998000     0.312780
     0.998500     0.311293
     0.999000     0.309610
     0.999500     0.307462
      1.00000     0.304777
      1.00050     0.302834
      1.00100     0.301357
      1.00150     0.299755
      1.00200     0.297628
      1.00250     0.294774
      1.00300     0.292064
      1.00350     0.288891
      1.00400     0.286065
      1.00450     0.283039
      1.00500     0.280073
      1.00550     0.277290
      1.00600     0.274387
      1.00650     0.271686
      1.00700     0.268615
      1.00750     0.265689
      1.00800     0.262795
      1.00850     0.259824
      1.00900     0.257126
      1.00950     0.254190
      1.01000     0.251410
      1.01050     0.248757
      1.01100     0.245816
      1.01150     0.242954
      1.01200     0.240060
      1.01250     0.237403
      1.01300     0.234770
      1.01350     0.231920
      1.01400     0.229082
      1.01450     0.226146
      1.01500     0.223499
      1.01550     0.220701
      1.01600     0.217763
      1.01650     0.215117
      1.01700     0.212402
      1.01750     0.209813
      1.01800     0.207166
      1.01850     0.204375
      1.01900     0.201915
      1.01950     0.199264
      1.02000     0.197007
      1.02050     0.194622
      1.02100     0.192271
      1.02150     0.190206
      1.02200     0.187845
      1.02250     0.185548
      1.02300     0.183133
      1.02350     0.181080
      1.02400     0.178878
      1.02450     0.176708
      1.02500     0.174720
      1.02550     0.172515
      1.02600     0.170519
      1.02650     0.168479
      1.02700     0.166318
      1.02750     0.164595
      1.02800     0.162796
      1.02850     0.160905
      1.02900     0.158834
      1.02950     0.156935
      1.03000     0.155008
      1.03050     0.152892
      1.03100     0.150973
      1.03150     0.148850
      1.03200     0.146768
      1.03250     0.144832
      1.03300     0.142624
      1.03350     0.140530
      1.03400     0.138345
      1.03450     0.136274
      1.03500     0.134017
      1.03550     0.131775
      1.03600     0.129971
      1.03650     0.127795
      1.03700     0.125545
      1.03750     0.123434
      1.03800     0.121181
      1.03850     0.119197
      1.03900     0.117105
      1.03950     0.115093
      1.04000     0.112954
      1.04050     0.111131
      1.04100     0.109485
      1.04150     0.107765
      1.04200     0.106396
      1.04250     0.105173
      1.04300     0.104006
      1.04350     0.102855
      1.04400     0.101426
      1.04450     0.100185
      1.04500    0.0990542
      1.04550    0.0977787
      1.04600    0.0963905
      1.04650    0.0948233
      1.04700    0.0930963
      1.04750    0.0912146
      1.04800    0.0892828
      1.04850    0.0873160
      1.04900    0.0853563
      1.04950    0.0834362
      1.05000    0.0815244
      1.05050    0.0796198
      1.05100    0.0778914
      1.05150    0.0761654
      1.05200    0.0744707
      1.05250    0.0727803
      1.05300    0.0710935
      1.05350    0.0694096
      1.05400    0.0677286
      1.05450    0.0660523
      1.05500    0.0643793
      1.05550    0.0627154
      1.05600    0.0610590
      1.05650    0.0593929
      1.05700    0.0577304
      1.05750    0.0560704
      1.05800    0.0544163
      1.05850    0.0527751
      1.05900    0.0511474
      1.05950    0.0495291
      1.06000    0.0479173
      1.06050    0.0463106
      1.06100    0.0447166
      1.06150    0.0431233
      1.06200    0.0415478
      1.06250    0.0399795
      1.06300    0.0384181
      1.06350    0.0368599
      1.06400    0.0352937
      1.06450    0.0337197
      1.06500    0.0321398
      1.06550    0.0305582
      1.06600    0.0289758
      1.06650    0.0273794
      1.06700    0.0257806
      1.06750    0.0241807
      1.06800    0.0225835
      1.06850    0.0209836
      1.06900    0.0193809
      1.06950    0.0177804
      1.07000    0.0161790
      1.07050    0.0145774
      1.07100    0.0129734
      1.07150    0.0113656
      1.07200   0.00975472
      1.07250   0.00814146
      1.07300   0.00667441
      1.07350   0.00534748
      1.07400   0.00416587
      1.07450   0.00312997
      1.07500   0.00223824
      1.07550   0.00149368
      1.07600  0.000896880
      1.07650  0.000448337
      1.07700  0.000149591
      1.07750 -4.05422e-09
      1.07800 -4.05422e-09
      1.07850 -4.05422e-09
      1.07900 -4.05422e-09
      1.07950 -4.05422e-09
      1.08000 -4.05422e-09
      1.08050 -4.05422e-09
      1.08100 -4.05422e-09
      1.08150 -4.05422e-09
      1.08200 -4.05422e-09
      1.08250 -4.05422e-09
      1.08300 -4.05422e-09
      1.08350 -4.05422e-09
      1.08400 -4.05422e-09
      1.08450 -4.05422e-09
      1.08500 -4.05422e-09
      1.08550 -4.05422e-09
      1.08600 -4.05422e-09
      1.08650 -4.05422e-09
      1.08700 -4.05422e-09
      1.08750 -4.05422e-09
      1.08800 -4.05422e-09
      1.08850 -4.05422e-09
      1.08900 -4.05422e-09
      1.08950 -4.05422e-09
      1.09000 -4.05422e-09
      1.09050 -4.05422e-09
      1.09100 -4.05422e-09
      1.09150 -4.05422e-09
      1.09200 -4.05422e-09
      1.09250 -4.05422e-09
      1.09300 -4.05422e-09
      1.09350 -4.05422e-09
      1.09400 -4.05422e-09
      1.09450 -4.05422e-09
      1.09500 -4.05422e-09
      1.09550 -4.05422e-09
      1.09600 -4.05422e-09
      1.09650 -4.05422e-09
      1.09700 -4.05422e-09
      1.09750 -4.05422e-09
      1.09800      0.00000
      1.09850      0.00000
      1.09900      0.00000
      1.09950      0.00000
      1.10000      0.00000
